1.000000000000000000e+00 3.191298583984375000e+03 1.135390243530273438e+02 1.376728534698486328e+01 3.190353759765625000e+03 1.135423355102539062e+02 1.374670791625976562e+01 3.190705078125000000e+03 1.135429153442382812e+02 1.375346946716308594e+01 3.189516601562500000e+03 1.135678405761718750e+02 1.370128631591796875e+01 3.189933593750000000e+03 1.135639266967773438e+02 1.371357345581054688e+01 3.190309570312500000e+03 1.135619888305664062e+02 1.372389221191406250e+01
2.000000000000000000e+00 1.986466186523437500e+03 4.663185501098632812e+01 2.077183914184570312e+01 1.986177368164062500e+03 4.673226547241210938e+01 2.076003456115722656e+01 1.986286254882812500e+03 4.667490386962890625e+01 2.076695442199707031e+01 1.985923339843750000e+03 4.686869812011718750e+01 2.074725151062011719e+01 1.986049682617187500e+03 4.680350112915039062e+01 2.075428581237792969e+01 1.986166625976562500e+03 4.674323654174804688e+01 2.076115798950195312e+01
3.000000000000000000e+00 1.761814941406250000e+03 -4.237232589721679688e+01 1.979982757568359375e+01 1.761900390625000000e+03 -4.227821350097656250e+01 1.981507682800292969e+01 1.761872924804687500e+03 -4.233827972412109375e+01 1.980530929565429688e+01 1.761977539062500000e+03 -4.219302368164062500e+01 1.983097648620605469e+01 1.761944458007812500e+03 -4.224407196044921875e+01 1.982138252258300781e+01 1.761914062500000000e+03 -4.230088043212890625e+01 1.981171607971191406e+01
4.000000000000000000e+00 2.209048339843750000e+03 -7.327283477783203125e+01 1.197160625457763672e+01 2.209208007812500000e+03 -7.330968475341796875e+01 1.199713420867919922e+01 2.209141113281250000e+03 -7.328573608398437500e+01 1.198087310791015625e+01 2.209358398437500000e+03 -7.334618377685546875e+01 1.200931072235107422e+01 2.209284179687500000e+03 -7.332359313964843750e+01 1.200123500823974609e+01 2.209212402343750000e+03 -7.330017852783203125e+01 1.198744106292724609e+01
5.000000000000000000e+00 2.576169921875000000e+03 -3.097499465942382812e+01 6.905077457427978516e+00 2.576203857421875000e+03 -3.080116271972656250e+01 6.893099784851074219e+00 2.576180419921875000e+03 -3.091417884826660156e+01 6.900145530700683594e+00 2.576237304687500000e+03 -3.059972381591796875e+01 6.887790679931640625e+00 2.576212646484375000e+03 -3.072355842590332031e+01 6.890774726867675781e+00 2.576188476562500000e+03 -3.083963584899902344e+01 6.896590709686279297e+00
6.000000000000000000e+00 2.439854003906250000e+03 2.313792610168457031e+01 1.286370086669921875e+01 2.439768798828125000e+03 2.315980148315429688e+01 1.289849090576171875e+01 2.439793701171875000e+03 2.315322494506835938e+01 1.288001060485839844e+01 2.439685302734375000e+03 2.314336204528808594e+01 1.290605640411376953e+01 2.439711181640625000e+03 2.315732383728027344e+01 1.290301418304443359e+01 2.439731201171875000e+03 2.315760421752929688e+01 1.288973712921142578e+01
7.000000000000000000e+00 2.016282104492187500e+03 1.598320198059082031e+01 2.713572502136230469e+01 2.016206420898437500e+03 1.598352718353271484e+01 2.712652587890625000e+01 2.016204589843750000e+03 1.597787570953369141e+01 2.713393020629882812e+01 2.016129272460937500e+03 1.600120735168457031e+01 2.711163520812988281e+01 2.016128295898437500e+03 1.598649406433105469e+01 2.712182044982910156e+01 2.016121215820312500e+03 1.597778034210205078e+01 2.712989616394042969e+01
8.000000000000000000e+00 1.803210571289062500e+03 -5.575376129150390625e+01 3.725597381591796875e+01 1.803215942382812500e+03 -5.574606704711914062e+01 3.725582885742187500e+01 1.803221679687500000e+03 -5.575440216064453125e+01 3.725612258911132812e+01 1.803221069335937500e+03 -5.573260879516601562e+01 3.725575637817382812e+01 1.803226074218750000e+03 -5.574394607543945312e+01 3.725600433349609375e+01 1.803229858398437500e+03 -5.575392913818359375e+01 3.725627899169921875e+01
9.000000000000000000e+00 2.020755737304687500e+03 -1.248095169067382812e+02 3.404307556152343750e+01 2.020825317382812500e+03 -1.248141784667968750e+02 3.404484558105468750e+01 2.020834350585937500e+03 -1.248146438598632812e+02 3.404335403442382812e+01 2.020896972656250000e+03 -1.248185195922851562e+02 3.404725646972656250e+01 2.020903808593750000e+03 -1.248191146850585938e+02 3.404542922973632812e+01 2.020912231445312500e+03 -1.248193054199218750e+02 3.404391860961914062e+01
1.000000000000000000e+01 2.410440429687500000e+03 -1.220636215209960938e+02 2.139137458801269531e+01 2.410493408203125000e+03 -1.220580825805664062e+02 2.138624572753906250e+01 2.410489013671875000e+03 -1.220609893798828125e+02 2.138942718505859375e+01 2.410548339843750000e+03 -1.220525588989257812e+02 2.138094139099121094e+01 2.410542724609375000e+03 -1.220552520751953125e+02 2.138404655456542969e+01 2.410539550781250000e+03 -1.220580291748046875e+02 2.138710594177246094e+01
1.100000000000000000e+01 2.531845947265625000e+03 -4.669814300537109375e+01 1.259279346466064453e+01 2.531831298828125000e+03 -4.664645767211914062e+01 1.259086418151855469e+01 2.531830078125000000e+03 -4.666710662841796875e+01 1.259104347229003906e+01 2.531815673828125000e+03 -4.659400558471679688e+01 1.258898448944091797e+01 2.531814453125000000e+03 -4.661517333984375000e+01 1.258920574188232422e+01 2.531810791015625000e+03 -4.663425064086914062e+01 1.258933448791503906e+01
1.200000000000000000e+01 2.195468017578125000e+03 3.580465698242187500e+01 1.717373275756835938e+01 2.195401123046875000e+03 3.580472564697265625e+01 1.717577171325683594e+01 2.195390625000000000e+03 3.580998611450195312e+01 1.717628860473632812e+01 2.195331054687500000e+03 3.580435943603515625e+01 1.717754364013671875e+01 2.195323974609375000e+03 3.580955123901367188e+01 1.717804527282714844e+01 2.195319335937500000e+03 3.581428909301757812e+01 1.717852783203125000e+01
1.300000000000000000e+01 1.612130371093750000e+03 5.779563140869140625e+01 3.128321456909179688e+01 1.612059326171875000e+03 5.779504013061523438e+01 3.128438186645507812e+01 1.612028564453125000e+03 5.779398727416992188e+01 3.128361129760742188e+01 1.611986816406250000e+03 5.779461288452148438e+01 3.128549003601074219e+01 1.611962280273437500e+03 5.779352569580078125e+01 3.128481292724609375e+01 1.611944213867187500e+03 5.779253005981445312e+01 3.128395843505859375e+01
1.400000000000000000e+01 1.160108764648437500e+03 1.092682075500488281e+01 4.182922744750976562e+01 1.160085937500000000e+03 1.091504955291748047e+01 4.183060073852539062e+01 1.160072631835937500e+03 1.091815662384033203e+01 4.182981109619140625e+01 1.160062744140625000e+03 1.090304374694824219e+01 4.183203125000000000e+01 1.160051391601562500e+03 1.090627288818359375e+01 4.183125305175781250e+01 1.160042114257812500e+03 1.091002559661865234e+01 4.183048248291015625e+01
1.500000000000000000e+01 1.041344970703125000e+03 -5.390399932861328125e+01 3.930968475341796875e+01 1.041356933593750000e+03 -5.391258239746093750e+01 3.930752944946289062e+01 1.041356933593750000e+03 -5.390906906127929688e+01 3.930878448486328125e+01 1.041369262695312500e+03 -5.392148208618164062e+01 3.930530929565429688e+01 1.041368530273437500e+03 -5.391770553588867188e+01 3.930653381347656250e+01 1.041366821289062500e+03 -5.391326141357421875e+01 3.930776596069335938e+01
1.600000000000000000e+01 1.153461669921875000e+03 -7.936152648925781250e+01 2.653417587280273438e+01 1.153479125976562500e+03 -7.935884857177734375e+01 2.653031921386718750e+01 1.153477416992187500e+03 -7.936146545410156250e+01 2.653211212158203125e+01 1.153496337890625000e+03 -7.935620880126953125e+01 2.652618026733398438e+01 1.153492309570312500e+03 -7.935874176025390625e+01 2.652800941467285156e+01 1.153482910156250000e+03 -7.936131286621093750e+01 2.652972793579101562e+01
1.700000000000000000e+01 1.243184204101562500e+03 -5.276608657836914062e+01 1.513102722167968750e+01 1.243184448242187500e+03 -5.276330566406250000e+01 1.513224220275878906e+01 1.243184814453125000e+03 -5.276099014282226562e+01 1.513092994689941406e+01 1.243184936523437500e+03 -5.275968551635742188e+01 1.513339996337890625e+01 1.243184936523437500e+03 -5.275794982910156250e+01 1.513217449188232422e+01 1.243184204101562500e+03 -5.275601577758789062e+01 1.513088798522949219e+01
1.800000000000000000e+01 1.155108032226562500e+03 -9.510284423828125000e+00 1.401989555358886719e+01 1.155086181640625000e+03 -9.510293006896972656e+00 1.401865959167480469e+01 1.155092773437500000e+03 -9.508728027343750000e+00 1.401990318298339844e+01 1.155064331054687500e+03 -9.510966300964355469e+00 1.401732826232910156e+01 1.155072265625000000e+03 -9.509340286254882812e+00 1.401855182647705078e+01 1.155082275390625000e+03 -9.508220672607421875e+00 1.401974582672119141e+01
1.900000000000000000e+01 9.403970336914062500e+02 7.189448833465576172e+00 2.188592720031738281e+01 9.403751831054687500e+02 7.190090179443359375e+00 2.188722038269042969e+01 9.403612670898437500e+02 7.189755439758300781e+00 2.188664245605468750e+01 9.403522338867187500e+02 7.190925121307373047e+00 2.188834762573242188e+01 9.403375854492187500e+02 7.190496921539306641e+00 2.188785934448242188e+01 9.403209838867187500e+02 7.190069198608398438e+00 2.188727760314941406e+01
2.000000000000000000e+01 7.617848510742187500e+02 -1.415600109100341797e+01 2.961077117919921875e+01 7.617841186523437500e+02 -1.415997314453125000e+01 2.961149406433105469e+01 7.618062744140625000e+02 -1.415661144256591797e+01 2.961137580871582031e+01 7.617830810546875000e+02 -1.416385841369628906e+01 2.961222839355468750e+01 7.618044433593750000e+02 -1.416054534912109375e+01 2.961211395263671875e+01 7.618230590820312500e+02 -1.415729427337646484e+01 2.961200714111328125e+01
2.100000000000000000e+01 7.212097167968750000e+02 -4.799304199218750000e+01 2.947753143310546875e+01 7.212131958007812500e+02 -4.799502944946289062e+01 2.947678565979003906e+01 7.212109985351562500e+02 -4.799319076538085938e+01 2.947687149047851562e+01 7.212168579101562500e+02 -4.799696731567382812e+01 2.947605323791503906e+01 7.212149658203125000e+02 -4.799497985839843750e+01 2.947612762451171875e+01 7.212135009765625000e+02 -4.799274063110351562e+01 2.947619819641113281e+01
2.200000000000000000e+01 7.804488525390625000e+02 -6.114368820190429688e+01 2.190071296691894531e+01 7.804566650390625000e+02 -6.114278793334960938e+01 2.189978790283203125e+01 7.804574584960937500e+02 -6.114211654663085938e+01 2.189967727661132812e+01 7.804646606445312500e+02 -6.114196395874023438e+01 2.189882659912109375e+01 7.804661865234375000e+02 -6.114138412475585938e+01 2.189874839782714844e+01 7.804687500000000000e+02 -6.114091873168945312e+01 2.189862060546875000e+01
2.300000000000000000e+01 8.198153686523437500e+02 -4.332941818237304688e+01 1.374025535583496094e+01 8.198165283203125000e+02 -4.332738876342773438e+01 1.374021625518798828e+01 8.198195190429687500e+02 -4.332641601562500000e+01 1.374009227752685547e+01 8.198176269531250000e+02 -4.332531356811523438e+01 1.374019145965576172e+01 8.198206176757812500e+02 -4.332424545288085938e+01 1.374008369445800781e+01 8.198239135742187500e+02 -4.332284927368164062e+01 1.373997974395751953e+01
2.400000000000000000e+01 7.579230346679687500e+02 -1.231972408294677734e+01 1.128332710266113281e+01 7.579119873046875000e+02 -1.231766700744628906e+01 1.128337574005126953e+01 7.578998413085937500e+02 -1.231683540344238281e+01 1.128337478637695312e+01 7.579002075195312500e+02 -1.231566715240478516e+01 1.128342437744140625e+01 7.578875122070312500e+02 -1.231476593017578125e+01 1.128341484069824219e+01 7.578746337890625000e+02 -1.231414508819580078e+01 1.128341007232666016e+01
2.500000000000000000e+01 6.134754028320312500e+02 6.093120098114013672e+00 1.491457653045654297e+01 6.134708251953125000e+02 6.093543529510498047e+00 1.491507148742675781e+01 6.134703369140625000e+02 6.094058513641357422e+00 1.491504096984863281e+01 6.134661865234375000e+02 6.094032764434814453e+00 1.491553497314453125e+01 6.134663085937500000e+02 6.094553470611572266e+00 1.491552829742431641e+01 6.134672241210937500e+02 6.095169544219970703e+00 1.491549682617187500e+01
2.600000000000000000e+01 4.704457397460937500e+02 1.212522864341735840e+00 1.970501327514648438e+01 4.704486694335937500e+02 1.211724400520324707e+00 1.970524597167968750e+01 4.704529113769531250e+02 1.211812257766723633e+00 1.970528411865234375e+01 4.704526367187500000e+02 1.210994482040405273e+00 1.970547866821289062e+01 4.704589538574218750e+02 1.211161494255065918e+00 1.970552062988281250e+01 4.704701538085937500e+02 1.211563467979431152e+00 1.970555686950683594e+01
2.700000000000000000e+01 3.952474975585937500e+02 -1.668486213684082031e+01 2.056057739257812500e+01 3.952492370605468750e+02 -1.668557548522949219e+01 2.056044006347656250e+01 3.952548828125000000e+02 -1.668437957763671875e+01 2.056041908264160156e+01 3.952503356933593750e+02 -1.668639755249023438e+01 2.056030654907226562e+01 3.952545166015625000e+02 -1.668551826477050781e+01 2.056028747558593750e+01 3.952561340332031250e+02 -1.668537902832031250e+01 2.056027030944824219e+01
2.800000000000000000e+01 3.876307067871093750e+02 -2.930925559997558594e+01 1.661846733093261719e+01 3.876320495605468750e+02 -2.930958557128906250e+01 1.661806869506835938e+01 3.876313781738281250e+02 -2.930973625183105469e+01 1.661804771423339844e+01 3.876332702636718750e+02 -2.930991554260253906e+01 1.661770057678222656e+01 3.876322631835937500e+02 -2.931010818481445312e+01 1.661767768859863281e+01 3.876303405761718750e+02 -2.931055641174316406e+01 1.661766624450683594e+01
2.900000000000000000e+01 3.981837463378906250e+02 -2.721649932861328125e+01 1.112512207031250000e+01 3.981849365234375000e+02 -2.721600532531738281e+01 1.112480926513671875e+01 3.981857299804687500e+02 -2.721600532531738281e+01 1.112484931945800781e+01 3.981858825683593750e+02 -2.721547126770019531e+01 1.112454128265380859e+01 3.981860961914062500e+02 -2.721536636352539062e+01 1.112454891204833984e+01 3.981846923828125000e+02 -2.721511840820312500e+01 1.112462902069091797e+01
3.000000000000000000e+01 3.809244689941406250e+02 -1.542608356475830078e+01 7.980516433715820312e+00 3.809259948730468750e+02 -1.542577552795410156e+01 7.980497360229492188e+00 3.809324951171875000e+02 -1.542654895782470703e+01 7.980496406555175781e+00 3.809279479980468750e+02 -1.542548656463623047e+01 7.980458736419677734e+00 3.809350585937500000e+02 -1.542622947692871094e+01 7.980465412139892578e+00 3.809432678222656250e+02 -1.542699718475341797e+01 7.980460643768310547e+00
3.100000000000000000e+01 3.300588684082031250e+02 -5.830699920654296875e+00 8.379311561584472656e+00 3.300554809570312500e+02 -5.830618858337402344e+00 8.379467010498046875e+00 3.300475769042968750e+02 -5.830649852752685547e+00 8.379487991333007812e+00 3.300520324707031250e+02 -5.830595970153808594e+00 8.379621505737304688e+00 3.300448608398437500e+02 -5.830817222595214844e+00 8.379643440246582031e+00 3.300419616699218750e+02 -5.831456184387207031e+00 8.379666328430175781e+00
3.200000000000000000e+01 2.730966491699218750e+02 -5.557126522064208984e+00 1.040378189086914062e+01 2.730947875976562500e+02 -5.557285308837890625e+00 1.040387821197509766e+01 2.730963439941406250e+02 -5.556740760803222656e+00 1.040390586853027344e+01 2.730918579101562500e+02 -5.557473182678222656e+00 1.040399265289306641e+01 2.730912780761718750e+02 -5.556934833526611328e+00 1.040400981903076172e+01 2.730860290527343750e+02 -5.556552410125732422e+00 1.040403461456298828e+01
3.300000000000000000e+01 2.383820648193359375e+02 -1.210969448089599609e+01 1.131343841552734375e+01 2.383840637207031250e+02 -1.210979843139648438e+01 1.131341552734375000e+01 2.383894805908203125e+02 -1.210933303833007812e+01 1.131339645385742188e+01 2.383864440917968750e+02 -1.210987758636474609e+01 1.131339168548583984e+01 2.383919525146484375e+02 -1.210938072204589844e+01 1.131337356567382812e+01 2.383971710205078125e+02 -1.210888385772705078e+01 1.131335067749023438e+01
3.400000000000000000e+01 2.304831085205078125e+02 -1.772445297241210938e+01 9.952943801879882812e+00 2.304834442138671875e+02 -1.772462654113769531e+01 9.952877044677734375e+00 2.304825592041015625e+02 -1.772509002685546875e+01 9.952841758728027344e+00 2.304837951660156250e+02 -1.772477912902832031e+01 9.952805519104003906e+00 2.304830017089843750e+02 -1.772518539428710938e+01 9.952775955200195312e+00 2.304826507568359375e+02 -1.772542190551757812e+01 9.952742576599121094e+00
3.500000000000000000e+01 2.253666687011718750e+02 -1.406759262084960938e+01 6.384131908416748047e+00 2.252902832031250000e+02 -1.402340126037597656e+01 6.373646259307861328e+00 2.254300537109375000e+02 -1.409089279174804688e+01 6.394003868103027344e+00 2.253109283447265625e+02 -1.403311824798583984e+01 6.366870880126953125e+00 2.254273681640625000e+02 -1.407844257354736328e+01 6.384487628936767578e+00 2.255635223388671875e+02 -1.412256145477294922e+01 6.404573440551757812e+00
3.600000000000000000e+01 1.733285522460937500e+02 -3.770870447158813477e+00 5.290317535400390625e+00 1.729524230957031250e+02 -3.754201889038085938e+00 5.291553974151611328e+00 1.736194610595703125e+02 -3.781883001327514648e+00 5.290140151977539062e+00 1.729014739990234375e+02 -3.747140884399414062e+00 5.292705059051513672e+00 1.734589843750000000e+02 -3.766478061676025391e+00 5.291182994842529297e+00 1.743017730712890625e+02 -3.804928779602050781e+00 5.290009021759033203e+00
3.700000000000000000e+01 1.243907852172851562e+02 -5.833239078521728516e+00 5.966399669647216797e+00 1.243839263916015625e+02 -5.852159500122070312e+00 5.963694095611572266e+00 1.244450531005859375e+02 -5.831202030181884766e+00 5.965177536010742188e+00 1.243596725463867188e+02 -5.862093925476074219e+00 5.961229801177978516e+00 1.243903427124023438e+02 -5.848046302795410156e+00 5.962585926055908203e+00 1.244721832275390625e+02 -5.819818496704101562e+00 5.963976860046386719e+00
3.800000000000000000e+01 1.104989242553710938e+02 -7.441817283630371094e+00 4.018153667449951172e+00 1.104613494873046875e+02 -7.431469440460205078e+00 4.011915206909179688e+00 1.105154953002929688e+02 -7.441559791564941406e+00 4.015590667724609375e+00 1.104445571899414062e+02 -7.428962230682373047e+00 4.006394386291503906e+00 1.104857101440429688e+02 -7.434862136840820312e+00 4.009649276733398438e+00 1.105394439697265625e+02 -7.444079875946044922e+00 4.013098239898681641e+00
3.900000000000000000e+01 9.111168670654296875e+01 -3.659846305847167969e+00 2.811081409454345703e+00 9.095455169677734375e+01 -3.654759168624877930e+00 2.811094522476196289e+00 9.117241668701171875e+01 -3.664867162704467773e+00 2.811089038848876953e+00 9.091824340820312500e+01 -3.652596712112426758e+00 2.811106204986572266e+00 9.107454681396484375e+01 -3.657350063323974609e+00 2.811099767684936523e+00 9.132701873779296875e+01 -3.671911001205444336e+00 2.811092615127563477e+00
4.000000000000000000e+01 6.979451751708984375e+01 -3.583095788955688477e+00 2.922349214553833008e+00 6.976598358154296875e+01 -3.587756156921386719e+00 2.922076940536499023e+00 6.989445495605468750e+01 -3.583191156387329102e+00 2.922198772430419922e+00 6.979147338867187500e+01 -3.591212272644042969e+00 2.921812057495117188e+00 6.986486053466796875e+01 -3.588215827941894531e+00 2.921932458877563477e+00 6.990303802490234375e+01 -3.582285404205322266e+00 2.922050952911376953e+00
4.100000000000000000e+01 6.092218780517578125e+01 -4.102816104888916016e+00 2.221943378448486328e+00 6.090509414672851562e+01 -4.099277496337890625e+00 2.220373868942260742e+00 6.088980484008789062e+01 -4.101451873779296875e+00 2.220536947250366211e+00 6.088286590576171875e+01 -4.097321033477783203e+00 2.218847513198852539e+00 6.086775207519531250e+01 -4.098444461822509766e+00 2.218982219696044922e+00 6.088597106933593750e+01 -4.100621700286865234e+00 2.219134092330932617e+00
4.200000000000000000e+01 5.004833984375000000e+01 -2.214361906051635742e+00 1.547016978263854980e+00 4.996582031250000000e+01 -2.209657192230224609e+00 1.547132492065429688e+00 5.002249908447265625e+01 -2.215000867843627930e+00 1.546846508979797363e+00 4.991197204589843750e+01 -2.207198619842529297e+00 1.547250866889953613e+00 4.995646667480468750e+01 -2.209258794784545898e+00 1.546965003013610840e+00 5.006973648071289062e+01 -2.216390371322631836e+00 1.546679139137268066e+00
4.300000000000000000e+01 3.705132675170898438e+01 -1.560983180999755859e+00 1.481026411056518555e+00 3.697215270996093750e+01 -1.561944603919982910e+00 1.481001496315002441e+00 3.704727554321289062e+01 -1.561348319053649902e+00 1.480925440788269043e+00 3.694456481933593750e+01 -1.562654614448547363e+00 1.480976819992065430e+00 3.700171279907226562e+01 -1.562434673309326172e+00 1.480900049209594727e+00 3.706412887573242188e+01 -1.561631202697753906e+00 1.480823516845703125e+00
4.400000000000000000e+01 3.035093688964843750e+01 -1.848871469497680664e+00 1.215875625610351562e+00 3.033194160461425781e+01 -1.848678708076477051e+00 1.215455889701843262e+00 3.034697151184082031e+01 -1.848822832107543945e+00 1.215572476387023926e+00 3.032708168029785156e+01 -1.848517537117004395e+00 1.215038776397705078e+00 3.034034347534179688e+01 -1.848601222038269043e+00 1.215152144432067871e+00 3.034916114807128906e+01 -1.848701119422912598e+00 1.215265512466430664e+00
