# l                Dl(TT)           sigmaDl(TT)      Dl(EE)           sigmaDl(EE)      Dl(TE)           sigmaDl(TE)      BFCMB/cal(TT)    BFCMB/cal(EE)    BFCMB/cal(TE)    
  3.21228733e+01   1.10606285e+03   1.17138632e+02   5.86749519e-02   3.84489793e-02   1.52966880e+00   1.48794019e+00   1.08920426e+03   2.74455507e-02   1.91994060e+00
  3.71065341e+01   1.18785099e+03   1.16821291e+02   6.03432711e-02   3.84972677e-02   3.14188998e+00   1.47820462e+00   1.17553002e+03   4.48171009e-02   1.88193974e+00
  4.20940265e+01   1.43441182e+03   1.17799511e+02   6.62730235e-02   3.98042946e-02   8.30210338e-01   1.50060065e+00   1.26695866e+03   6.82693239e-02   1.59822161e+00
  4.70841453e+01   1.37036445e+03   1.19547602e+02   1.38679971e-01   4.20694525e-02   1.08195901e+00   1.54684310e+00   1.36235744e+03   9.84339545e-02   1.02051566e+00
  5.20761421e+01   1.33378060e+03   1.21716263e+02   1.44675025e-01   4.51419742e-02   1.09006496e+00   1.61260119e+00   1.46254918e+03   1.35549368e-01   1.55529946e-01
  5.70695284e+01   1.61214271e+03   1.24172631e+02   1.91326526e-01   4.88897201e-02  -3.83509641e+00   1.69488807e+00   1.56701686e+03   1.80627170e-01  -1.05920046e+00
  6.20639713e+01   1.66783556e+03   1.26987717e+02   2.95160384e-01   5.32040086e-02  -4.30936019e+00   1.79196382e+00   1.67699223e+03   2.32293049e-01  -2.58974751e+00
  6.70592365e+01   1.84270949e+03   1.30311308e+02   3.30518290e-01   5.79934015e-02  -2.04573254e+00   1.90281949e+00   1.79176026e+03   2.91073224e-01  -4.46531844e+00
  7.20551541e+01   1.97823300e+03   1.34040564e+02   3.56078038e-01   6.31596728e-02  -8.56734198e+00   2.02537878e+00   1.91244511e+03   3.55956291e-01  -6.63765944e+00
  7.70515979e+01   1.76868999e+03   1.38092829e+02   4.48207609e-01   6.86007337e-02  -7.25310118e+00   2.15742630e+00   2.03879006e+03   4.25971129e-01  -9.11635091e+00
  8.20484724e+01   2.17185183e+03   1.42433037e+02   5.22278756e-01   7.42193940e-02  -9.90989414e+00   2.29709849e+00   2.17192588e+03   5.00038247e-01  -1.18556644e+01
  8.70457038e+01   2.33511779e+03   1.47043877e+02   4.89585977e-01   7.99232598e-02  -1.27538421e+01   2.44243102e+00   2.31064409e+03   5.76569231e-01  -1.48092517e+01
  9.20432344e+01   2.45027633e+03   1.51883717e+02   7.89541469e-01   8.56184658e-02  -1.92374138e+01   2.59113170e+00   2.45496866e+03   6.54186733e-01  -1.79307912e+01
  9.70410181e+01   2.48820917e+03   1.56927479e+02   5.74861713e-01   9.12150611e-02  -1.90788373e+01   2.74065226e+00   2.60460733e+03   7.31046541e-01  -2.11674704e+01
  1.04127517e+02   2.96034077e+03   1.19323693e+02   8.32646674e-01   7.17047661e-02  -2.82288422e+01   2.13666671e+00   2.82635396e+03   8.34848456e-01  -2.58338068e+01
  1.13117416e+02   3.23073479e+03   1.26337983e+02   9.26323984e-01   7.80379619e-02  -3.18817444e+01   2.31753782e+00   3.11980224e+03   9.51733204e-01  -3.16287978e+01
  1.22108797e+02   3.39096805e+03   1.33440864e+02   1.11431308e+00   8.34370612e-02  -3.57967141e+01   2.47785378e+00   3.42492022e+03   1.04307448e+00  -3.69234402e+01
  1.31101357e+02   3.59982567e+03   1.40429022e+02   1.10896516e+00   8.77803043e-02  -4.16589654e+01   2.61024800e+00   3.73553137e+03   1.10104087e+00  -4.13136237e+01
  1.40094868e+02   4.23834263e+03   1.47080676e+02   1.09872870e+00   9.10453623e-02  -4.37610600e+01   2.70887677e+00   4.04549982e+03   1.12076745e+00  -4.44185214e+01
  1.49089161e+02   4.25938073e+03   1.53188576e+02   1.00733701e+00   9.33632920e-02  -4.51243598e+01   2.77148552e+00   4.34781515e+03   1.10137295e+00  -4.59009945e+01
  1.58084100e+02   4.78705066e+03   1.58631145e+02   1.08113414e+00   9.49668598e-02  -4.93336997e+01   2.79905896e+00   4.63523361e+03   1.04661681e+00  -4.54890401e+01
  1.67079584e+02   4.85304967e+03   1.63159478e+02   8.56651008e-01   9.62196690e-02  -4.60429945e+01   2.79684980e+00   4.90218733e+03   9.64779494e-01  -4.29969337e+01
  1.76075527e+02   5.12866854e+03   1.66643812e+02   9.67001786e-01   9.75459153e-02  -4.34529867e+01   2.77427784e+00   5.14152617e+03   8.68678540e-01  -3.83128185e+01
  1.85071864e+02   5.38206938e+03   1.68962761e+02   8.36341004e-01   9.94390105e-02  -3.04301515e+01   2.74552649e+00   5.34531902e+03   7.76428781e-01  -3.14089918e+01
  1.94068540e+02   5.55085904e+03   1.69994741e+02   7.94531677e-01   1.02396146e-01  -1.81635846e+01   2.72794599e+00   5.50907870e+03   7.09568854e-01  -2.23751404e+01
  2.03065510e+02   5.45378781e+03   1.69730302e+02   6.94975253e-01   1.06929231e-01  -7.21478776e+00   2.74039118e+00   5.62949175e+03   6.92468524e-01  -1.14020247e+01
  2.12062736e+02   5.64359377e+03   1.68157735e+02   8.78741090e-01   1.13537629e-01   2.55194499e+00   2.79869422e+00   5.70164697e+03   7.51251550e-01   1.23038179e+00
  2.21060188e+02   5.82370747e+03   1.65281966e+02   8.75175395e-01   1.22735121e-01   1.79529493e+01   2.91175649e+00   5.72291033e+03   9.12204399e-01   1.51583551e+01
  2.30057838e+02   5.69216081e+03   1.61176207e+02   1.23990711e+00   1.35023440e-01   2.66582397e+01   3.07861358e+00   5.69400210e+03   1.20021348e+00   2.99425171e+01
  2.39055665e+02   5.78360179e+03   1.55946237e+02   1.78282930e+00   1.50886843e-01   4.63747602e+01   3.28972844e+00   5.61480172e+03   1.63708515e+00   4.50927364e+01
  2.48053650e+02   5.44199146e+03   1.49700132e+02   2.11251983e+00   1.70706645e-01   5.07408775e+01   3.52945917e+00   5.48721387e+03   2.24012010e+00   6.00858215e+01
  2.57051775e+02   5.23420182e+03   1.42590032e+02   3.13836723e+00   1.94738165e-01   7.16458837e+01   3.78009032e+00   5.31585996e+03   3.02076026e+00   7.43927589e+01
  2.66050027e+02   5.09639121e+03   1.34795872e+02   3.86593802e+00   2.23014347e-01   8.65600076e+01   4.02417380e+00   5.10604930e+03   3.98279673e+00   8.74928466e+01
  2.75048393e+02   5.10253860e+03   1.26473242e+02   5.31970955e+00   2.55374854e-01   1.07117861e+02   4.24655350e+00   4.86287493e+03   5.12234958e+00   9.89006639e+01
  2.84046862e+02   4.55133361e+03   1.17809087e+02   5.83239785e+00   2.91399227e-01   1.02847894e+02   4.43465456e+00   4.59365489e+03   6.42667509e+00   1.08165913e+02
  2.93045425e+02   4.37609740e+03   1.08985103e+02   8.22416950e+00   3.30491890e-01   1.17233799e+02   4.57921383e+00   4.30532859e+03   7.87510276e+00   1.14923758e+02
  3.02044074e+02   3.94001332e+03   1.00166065e+02   9.32172669e+00   3.71847183e-01   1.17245356e+02   4.67397344e+00   4.00485102e+03   9.43712464e+00   1.18881918e+02
  3.11042801e+02   3.65386803e+03   9.15137564e+01   1.09723593e+01   4.14539678e-01   1.19207291e+02   4.71608550e+00   3.69980215e+03   1.10775185e+01   1.19841606e+02
  3.20041599e+02   3.41544252e+03   8.31768284e+01   1.26530391e+01   4.57498865e-01   1.12909448e+02   4.70585380e+00   3.39797252e+03   1.27527571e+01   1.17731905e+02
  3.29040463e+02   3.17740958e+03   7.52986573e+01   1.52010964e+01   4.99611455e-01   1.17316861e+02   4.64691791e+00   3.10658584e+03   1.44131116e+01   1.12581312e+02
  3.38039387e+02   2.84508307e+03   6.80021558e+01   1.60852318e+01   5.39730759e-01   1.06031731e+02   4.54603548e+00   2.83221666e+03   1.60076646e+01   1.04535051e+02
  3.47038367e+02   2.50084243e+03   6.13971451e+01   1.62387699e+01   5.76747868e-01   8.63251188e+01   4.41271717e+00   2.58060188e+03   1.74859737e+01   9.38218760e+01
  3.56037399e+02   2.36068069e+03   5.55661245e+01   1.87110367e+01   6.09613377e-01   7.99544146e+01   4.25866369e+00   2.35665262e+03   1.87967344e+01   8.07861890e+01
  3.65036478e+02   2.18845076e+03   5.05661570e+01   1.85257359e+01   6.37412941e-01   6.11102788e+01   4.09698186e+00   2.16405992e+03   1.98941562e+01   6.58657441e+01
  3.74035601e+02   2.04076553e+03   4.64279013e+01   2.11050767e+01   6.59396549e-01   4.65536652e+01   3.94102391e+00   2.00545984e+03   2.07383581e+01   4.95431912e+01
  3.83034766e+02   1.89354966e+03   4.31554052e+01   2.14504840e+01   6.75049363e-01   3.16032989e+01   3.80294709e+00   1.88230617e+03   2.12984625e+01   3.23691339e+01
  3.92033969e+02   1.78920957e+03   4.07304383e+01   2.23826282e+01   6.84097434e-01   1.97742298e+01   3.69212569e+00   1.79485806e+03   2.15503044e+01   1.49158956e+01
  4.01033207e+02   1.73617277e+03   3.91072205e+01   2.11967321e+01   6.86580448e-01  -5.35856176e-01   3.61341006e+00   1.74225412e+03   2.14867751e+01  -2.23943851e+00
  4.10032479e+02   1.73973789e+03   3.82182746e+01   2.10560277e+01   6.82802607e-01  -2.19073702e+01   3.56622741e+00   1.72265811e+03   2.11047837e+01  -1.85382276e+01
  4.19031783e+02   1.73315729e+03   3.79751470e+01   1.93127547e+01   6.73382746e-01  -3.50983565e+01   3.54510653e+00   1.73315822e+03   2.04225809e+01  -3.34584457e+01
  4.28031115e+02   1.77168049e+03   3.82769438e+01   1.91497700e+01   6.59164182e-01  -4.84990760e+01   3.54122852e+00   1.77000876e+03   1.94638480e+01  -4.65356973e+01
  4.37030475e+02   1.77236941e+03   3.90146193e+01   1.93543466e+01   6.41244931e-01  -6.19919634e+01   3.54469917e+00   1.82880344e+03   1.82701321e+01  -5.73807406e+01
  4.46029861e+02   1.85844405e+03   4.00791050e+01   1.73413827e+01   6.20876228e-01  -6.22059120e+01   3.54647690e+00   1.90485018e+03   1.68894968e+01  -6.56917130e+01
  4.55029271e+02   2.04782789e+03   4.13606578e+01   1.54541738e+01   5.99474278e-01  -7.45756021e+01   3.53995607e+00   1.99308736e+03   1.53805588e+01  -7.12641870e+01
  4.64028704e+02   2.22685651e+03   4.27555759e+01   1.45958227e+01   5.78480485e-01  -8.01459278e+01   3.52157119e+00   2.08841556e+03   1.38090882e+01  -7.40039337e+01
  4.73028158e+02   2.18027369e+03   4.41699347e+01   1.16003583e+01   5.59312642e-01  -7.54392833e+01   3.49124886e+00   2.18565378e+03   1.22456869e+01  -7.39284894e+01
  4.82027633e+02   2.32539208e+03   4.55179525e+01   1.14675064e+01   5.43266677e-01  -7.20553285e+01   3.45187167e+00   2.28017256e+03   1.07630099e+01  -7.11639910e+01
  4.91027127e+02   2.42103842e+03   4.67200725e+01   1.03164977e+01   5.31473639e-01  -7.11945630e+01   3.40882913e+00   2.36758585e+03   9.43353498e+00  -6.59358406e+01
  5.00026639e+02   2.44947017e+03   4.77092432e+01   8.31042044e+00   5.24768682e-01  -5.96757034e+01   3.36884020e+00   2.44400080e+03   8.32368388e+00  -5.85547124e+01
  5.09026169e+02   2.58028297e+03   4.84325610e+01   8.23550947e+00   4.46151840e-01  -4.72298033e+01   3.17195503e+00   2.50646609e+03   7.49502509e+00  -4.94170904e+01
  5.18025715e+02   2.56102067e+03   4.88579969e+01   7.35886636e+00   4.47356955e-01  -4.24647411e+01   3.14831401e+00   2.55260786e+03   7.00019531e+00  -3.89913604e+01
  5.27025276e+02   2.58175421e+03   4.89622779e+01   6.51101873e+00   4.55604676e-01  -2.30708246e+01   3.15158022e+00   2.58088435e+03   6.87947576e+00  -2.77890093e+01
  5.36024852e+02   2.52624773e+03   4.87393792e+01   6.71815059e+00   4.71029848e-01  -1.86506568e+01   3.18366870e+00   2.59076538e+03   7.15989910e+00  -1.63466642e+01
  5.45024442e+02   2.52147736e+03   4.81968597e+01   8.59664013e+00   4.93707230e-01  -1.44684907e+00   3.24299595e+00   2.58221596e+03   7.85461231e+00  -5.20553048e+00
  5.54024045e+02   2.56896774e+03   4.73587202e+01   8.52432882e+00   5.23530943e-01   3.55622203e+00   3.32448723e+00   2.55623584e+03   8.96067371e+00   5.11305903e+00
  5.63023661e+02   2.54837011e+03   4.62601247e+01   1.06539756e+01   5.60220983e-01   1.15842655e+01   3.42090531e+00   2.51419847e+03   1.04602212e+01   1.41213097e+01
  5.72023289e+02   2.41205364e+03   4.49421552e+01   1.19026288e+01   6.03234659e-01   1.86349825e+01   3.52401391e+00   2.45847508e+03   1.23183798e+01   2.13886175e+01
  5.81022929e+02   2.41227691e+03   4.34516150e+01   1.55116910e+01   6.51800586e-01   2.65532849e+01   3.62610722e+00   2.39168556e+03   1.44865352e+01   2.65535616e+01
  5.90022579e+02   2.37560493e+03   4.18447981e+01   1.52983726e+01   7.04861410e-01   2.68883011e+01   3.72101371e+00   2.31692043e+03   1.69042407e+01   2.93398893e+01
  5.99022240e+02   2.20841410e+03   4.01803292e+01   1.82416408e+01   7.61167476e-01   2.83067613e+01   3.80470782e+00   2.23743934e+03   1.95007845e+01   2.95627585e+01
  6.08021911e+02   2.12166460e+03   3.85173694e+01   2.21240083e+01   8.19286525e-01   3.22752032e+01   3.87530060e+00   2.15680287e+03   2.21964424e+01   2.71431048e+01
  6.17021592e+02   2.13763198e+03   3.69128288e+01   2.59174771e+01   8.77701171e-01   2.39508765e+01   3.93307341e+00   2.07820668e+03   2.49050093e+01   2.21053837e+01
  6.26021282e+02   1.95295630e+03   3.54189862e+01   2.60124319e+01   9.34847177e-01   1.08455090e+01   3.98014507e+00   2.00494231e+03   2.75436145e+01   1.45814923e+01
  6.35020981e+02   1.94000062e+03   3.40838651e+01   3.01989048e+01   9.89201990e-01   7.54992418e+00   4.01999265e+00   1.93983099e+03   3.00219273e+01   4.79074281e+00
  6.44020688e+02   1.86164185e+03   3.29455941e+01   3.29539222e+01   1.03934834e+00  -5.04685369e+00   4.05674545e+00   1.88540486e+03   3.22619963e+01  -6.95735808e+00
  6.53020403e+02   1.84884772e+03   3.20348763e+01   3.28561926e+01   1.08404038e+00  -1.53994206e+01   4.09452618e+00   1.84377645e+03   3.41874062e+01  -2.02832989e+01
  6.62020125e+02   1.84998755e+03   3.13718098e+01   3.47705200e+01   1.12226393e+00  -2.99752782e+01   4.13670466e+00   1.81642506e+03   3.57374687e+01  -3.47338831e+01
  6.71019856e+02   1.81667740e+03   3.09673497e+01   3.64165581e+01   1.15328013e+00  -5.70542551e+01   4.18536581e+00   1.80415461e+03   3.68630133e+01  -4.98097424e+01
  6.80019593e+02   1.76228181e+03   3.08223617e+01   3.66370034e+01   1.17665310e+00  -6.68599714e+01   4.24091104e+00   1.80731586e+03   3.75318580e+01  -6.49864267e+01
  6.89019337e+02   1.82420854e+03   3.09260002e+01   3.81497659e+01   1.19229422e+00  -8.08899316e+01   4.30187774e+00   1.82556183e+03   3.77213118e+01  -7.97296775e+01
  6.98019088e+02   1.88678211e+03   3.12571562e+01   3.89784529e+01   1.20043438e+00  -9.43079167e+01   4.36517554e+00   1.85799703e+03   3.74279226e+01  -9.35200788e+01
  7.07018845e+02   1.89282418e+03   3.17886019e+01   3.65489270e+01   1.20162356e+00  -1.00054566e+02   4.42687983e+00   1.90320844e+03   3.66650210e+01  -1.05890612e+02
  7.16018609e+02   1.91053165e+03   3.24878119e+01   3.64639385e+01   1.19666247e+00  -1.14050101e+02   4.48268308e+00   1.95930998e+03   3.54644442e+01  -1.16407453e+02
  7.25018378e+02   1.99626099e+03   3.33132090e+01   3.34686931e+01   1.18661953e+00  -1.22612541e+02   4.52824722e+00   2.02390836e+03   3.38736857e+01  -1.24686093e+02
  7.34018153e+02   2.05212145e+03   3.42193306e+01   3.22925332e+01   1.17272905e+00  -1.27813682e+02   4.55985815e+00   2.09442152e+03   3.19536815e+01  -1.30434230e+02
  7.43017933e+02   2.18680247e+03   3.51624940e+01   2.77119980e+01   1.15637069e+00  -1.30734256e+02   4.57535489e+00   2.16798884e+03   2.97772425e+01  -1.33425495e+02
  7.52017719e+02   2.26220567e+03   3.61001788e+01   2.73346574e+01   1.13897246e+00  -1.31340555e+02   4.57400467e+00   2.24167927e+03   2.74278437e+01  -1.33554978e+02
  7.61017509e+02   2.34690985e+03   3.69860053e+01   2.47146012e+01   1.12201629e+00  -1.26836010e+02   4.55658110e+00   2.31258213e+03   2.49905717e+01  -1.30782875e+02
  7.70017305e+02   2.35063380e+03   3.77779133e+01   2.11236714e+01   1.10690585e+00  -1.17138116e+02   4.52551159e+00   2.37786261e+03   2.25569518e+01  -1.25201588e+02
  7.79017105e+02   2.35311094e+03   3.84381263e+01   1.94018905e+01   1.09492408e+00  -1.09148936e+02   4.48439978e+00   2.43483400e+03   2.02186286e+01  -1.16975022e+02
  7.88016910e+02   2.48344569e+03   3.89336438e+01   1.93857505e+01   1.08719695e+00  -1.04378012e+02   4.43745509e+00   2.48119437e+03   1.80614332e+01  -1.06355220e+02
  7.97016719e+02   2.46919920e+03   3.92475123e+01   1.73374314e+01   1.08466381e+00  -8.91940753e+01   4.38978742e+00   2.51493307e+03   1.61690862e+01  -9.36493062e+01
  8.06016532e+02   2.49621626e+03   3.93498529e+01   1.61699920e+01   1.08807249e+00  -7.70885394e+01   4.34605508e+00   2.53453141e+03   1.46112024e+01  -7.92880998e+01
  8.15016350e+02   2.55516653e+03   3.92250125e+01   1.41764770e+01   1.09797938e+00  -6.47847595e+01   4.31056104e+00   2.53884231e+03   1.34475793e+01  -6.36930305e+01
  8.24016171e+02   2.52423199e+03   3.88683446e+01   1.21354760e+01   1.11473640e+00  -5.00371750e+01   4.28633617e+00   2.52747688e+03   1.27219372e+01  -4.73536697e+01
  8.33015997e+02   2.49743713e+03   3.82841671e+01   1.16378122e+01   1.13850734e+00  -2.79392803e+01   4.27479345e+00   2.50018247e+03   1.24656453e+01  -3.07649350e+01
  8.42015826e+02   2.50790184e+03   3.74798046e+01   1.33181798e+01   1.16933431e+00  -1.78827895e+01   4.27557584e+00   2.45727178e+03   1.26906088e+01  -1.44293111e+01
  8.51015659e+02   2.38543069e+03   3.64674342e+01   1.30449466e+01   1.20714380e+00   3.01300162e+00   4.28681725e+00   2.39990822e+03   1.33933575e+01   1.16648319e+00
  8.60015495e+02   2.35792893e+03   3.52692772e+01   1.54245314e+01   1.25162487e+00   1.37432814e+01   4.30495107e+00   2.32909905e+03   1.45547510e+01   1.55729602e+01
  8.69015334e+02   2.23963802e+03   3.39167664e+01   1.63790722e+01   1.30228406e+00   2.78549862e+01   4.32587177e+00   2.24659645e+03   1.61362180e+01   2.83839940e+01
  8.78015177e+02   2.17038823e+03   3.24485909e+01   1.75398469e+01   1.35850254e+00   4.13663843e+01   4.34534253e+00   2.15447594e+03   1.80874218e+01   3.92529511e+01
  8.87015023e+02   2.07581552e+03   3.08935812e+01   2.20842810e+01   1.41954389e+00   4.92368263e+01   4.35918596e+00   2.05491259e+03   2.03428979e+01   4.79012518e+01
  8.96014873e+02   1.95077122e+03   2.92804380e+01   2.43165822e+01   1.48448326e+00   5.50714941e+01   4.36357141e+00   1.95020507e+03   2.28295102e+01   5.41199290e+01
  9.05014725e+02   1.84531331e+03   2.76433644e+01   2.33030097e+01   1.55228295e+00   5.78602147e+01   4.35609627e+00   1.84292629e+03   2.54654097e+01   5.77959794e+01
  9.14014580e+02   1.74747390e+03   2.60167395e+01   2.91358543e+01   1.62182816e+00   6.76042712e+01   4.33568535e+00   1.73535411e+03   2.81631321e+01   5.88842571e+01
  9.23014438e+02   1.62114556e+03   2.44339553e+01   3.15037852e+01   1.69195196e+00   5.67359891e+01   4.30261767e+00   1.62990352e+03   3.08345375e+01   5.74366005e+01
  9.32014298e+02   1.56407397e+03   2.29264657e+01   3.54483251e+01   1.76144225e+00   5.44636958e+01   4.25848107e+00   1.52887318e+03   3.33926313e+01   5.35807682e+01
  9.41014162e+02   1.43914858e+03   2.15218104e+01   3.75252799e+01   1.82917382e+00   5.01837040e+01   4.20603428e+00   1.43427221e+03   3.57538763e+01   4.75210366e+01
  9.50014028e+02   1.34382388e+03   2.02409932e+01   3.70954635e+01   1.89420683e+00   4.13444787e+01   4.14885144e+00   1.34787382e+03   3.78409077e+01   3.95148317e+01
  9.59013896e+02   1.28716652e+03   1.91016865e+01   3.93848365e+01   1.95568982e+00   3.37971395e+01   4.09108378e+00   1.27098094e+03   3.95881384e+01   2.98802594e+01
  9.68013767e+02   1.23417406e+03   1.81187259e+01   4.03788244e+01   2.01286334e+00   2.09100717e+01   4.03715402e+00   1.20476398e+03   4.09419061e+01   1.89801963e+01
  9.77013640e+02   1.13032438e+03   1.73009961e+01   4.04820852e+01   2.06523228e+00   9.82217205e+00   3.99120420e+00   1.14976552e+03   4.18608712e+01   7.20638095e+00
  9.86013516e+02   1.10486242e+03   1.66506140e+01   3.86635998e+01   2.11260422e+00  -3.00123552e-01   3.95657257e+00   1.10643079e+03   4.23185742e+01  -5.03427830e+00
  9.95013394e+02   1.08857072e+03   1.61652833e+01   4.23174612e+01   2.15544127e+00  -1.47831120e+01   3.93647875e+00   1.07467434e+03   4.23074568e+01  -1.73402924e+01
  1.00401327e+03   1.02605240e+03   1.58386089e+01   4.01942989e+01   2.56790951e+00  -3.73931724e+01   4.28590730e+00   1.05417678e+03   4.18277565e+01  -2.93144626e+01
  1.01301316e+03   1.08070647e+03   1.56577364e+01   4.61747369e+01   2.60659280e+00  -4.52733986e+01   4.29106531e+00   1.04399484e+03   4.08991943e+01  -4.05801638e+01
  1.02201304e+03   1.03359754e+03   1.56053614e+01   4.30288261e+01   2.63962698e+00  -4.87268599e+01   4.30615981e+00   1.04336186e+03   3.95593287e+01  -5.08148918e+01
  1.03101293e+03   1.04196308e+03   1.56625233e+01   3.92665765e+01   2.66959981e+00  -5.47057579e+01   4.33189438e+00   1.05085637e+03   3.78524179e+01  -5.97194230e+01
  1.04001281e+03   1.05716230e+03   1.58087918e+01   3.65878545e+01   2.69749536e+00  -5.92205035e+01   4.36552250e+00   1.06498722e+03   3.58372849e+01  -6.70712732e+01
  1.04901270e+03   1.08321991e+03   1.60214747e+01   3.59169830e+01   2.72430166e+00  -7.35814594e+01   4.40400945e+00   1.08444039e+03   3.35805675e+01  -7.26873263e+01
  1.05801260e+03   1.13102932e+03   1.62774376e+01   3.70816645e+01   2.75102459e+00  -8.24022608e+01   4.44453112e+00   1.10733623e+03   3.11538607e+01  -7.64585999e+01
  1.06701249e+03   1.12363145e+03   1.65540518e+01   2.86611005e+01   2.77874529e+00  -8.10354594e+01   4.48489708e+00   1.13218851e+03   2.86369431e+01  -7.83432320e+01
  1.07601239e+03   1.15457915e+03   1.68299789e+01   2.52084120e+01   2.80850308e+00  -7.88316422e+01   4.52351788e+00   1.15734415e+03   2.61072000e+01  -7.83626979e+01
  1.08501228e+03   1.21901844e+03   1.70862061e+01   2.09671900e+01   2.84122386e+00  -7.34198327e+01   4.55941985e+00   1.18113895e+03   2.36422386e+01  -7.66060117e+01
  1.09401218e+03   1.21830326e+03   1.73058527e+01   2.60167882e+01   2.87773698e+00  -7.63534614e+01   4.59210262e+00   1.20227651e+03   2.13145890e+01  -7.32080828e+01
  1.10301208e+03   1.21278907e+03   1.74747415e+01   1.64665151e+01   2.91877793e+00  -5.63833326e+01   4.62148206e+00   1.21960308e+03   1.91943011e+01  -6.83629457e+01
  1.11201198e+03   1.21466825e+03   1.75815622e+01   1.57614065e+01   2.96495959e+00  -5.60455456e+01   4.64769814e+00   1.23203802e+03   1.73356015e+01  -6.22925176e+01
  1.12101189e+03   1.24760002e+03   1.76184652e+01   1.53783429e+01   3.01675754e+00  -4.86186484e+01   4.67102550e+00   1.23888530e+03   1.57894397e+01  -5.52702338e+01
  1.13001179e+03   1.23885181e+03   1.75816447e+01   1.56079485e+01   3.07451397e+00  -4.30321713e+01   4.69179717e+00   1.23960738e+03   1.45920903e+01  -4.75819226e+01
  1.13901170e+03   1.21715968e+03   1.74692453e+01   1.36489641e+01   3.13843815e+00  -4.77349187e+01   4.71010831e+00   1.23393861e+03   1.37684689e+01  -3.95287325e+01
  1.14801161e+03   1.21382169e+03   1.72771664e+01   1.36118655e+01   3.20861205e+00  -2.37048893e+01   4.72547319e+00   1.22180664e+03   1.33281847e+01  -3.14106144e+01
  1.15701152e+03   1.22190319e+03   1.70105867e+01   1.45080996e+01   3.28499780e+00  -1.56994357e+01   4.73775200e+00   1.20354858e+03   1.32715325e+01  -2.35204080e+01
  1.16601143e+03   1.16048871e+03   1.66763197e+01   9.19255770e+00   3.36742744e+00  -2.13371020e+01   4.74664057e+00   1.17954320e+03   1.35838447e+01  -1.61295058e+01
  1.17501134e+03   1.14448525e+03   1.62805430e+01   1.05813449e+01   3.45562440e+00  -1.36199378e+01   4.75155008e+00   1.15050200e+03   1.42379136e+01  -9.48336498e+00
  1.18401126e+03   1.13772787e+03   1.58331269e+01   1.28166792e+01   3.54920808e+00  -5.80572608e+00   4.75212806e+00   1.11715926e+03   1.51974360e+01  -3.79404927e+00
  1.19301117e+03   1.08738901e+03   1.53459180e+01   1.27690911e+01   3.64772017e+00  -2.25218091e+00   4.74820873e+00   1.08047181e+03   1.64149393e+01   7.68033437e-01
  1.20201109e+03   1.00638281e+03   1.51110334e+01   2.31637364e+01   3.75061937e+00   7.80662301e-01   4.73989417e+00   1.04138213e+03   1.78383092e+01   4.07607047e+00
  1.21101101e+03   9.76133809e+02   1.45600060e+01   2.13121529e+01   3.85731683e+00   6.31810841e+00   4.72761381e+00   1.00109185e+03   1.94082932e+01   6.05045320e+00
  1.22001092e+03   9.71684764e+02   1.40062297e+01   1.80255648e+01   3.96718406e+00   1.12888948e+01   4.71221342e+00   9.60563897e+02   2.10635467e+01   6.66715955e+00
  1.22901084e+03   9.07431611e+02   1.34653699e+01   2.41352121e+01   4.07958910e+00   7.88539924e-01   4.69497863e+00   9.20752729e+02   2.27391259e+01   5.94563809e+00
  1.23801077e+03   8.96365526e+02   1.29503093e+01   2.70171228e+01   4.19391113e+00  -1.71168762e+00   4.67760189e+00   8.82923620e+02   2.43736690e+01   3.95275293e+00
  1.24701069e+03   8.60886801e+02   1.24728135e+01   2.89556443e+01   4.30956927e+00   6.50138194e+00   4.66208654e+00   8.47752437e+02   2.59083146e+01   7.94133085e-01
  1.25601061e+03   8.06388458e+02   1.20427297e+01   2.82823460e+01   4.42603828e+00  -5.08591988e+00   4.65054694e+00   8.15988477e+02   2.72889670e+01  -3.38684810e+00
  1.26501054e+03   7.78229630e+02   1.16680001e+01   3.21486244e+01   4.54287327e+00  -1.06411310e+01   4.64509148e+00   7.88301400e+02   2.84677446e+01  -8.41457751e+00
  1.27401046e+03   7.70732298e+02   1.13542081e+01   2.80567038e+01   4.65972910e+00  -6.19755418e+00   4.64761207e+00   7.65184087e+02   2.94052049e+01  -1.40885625e+01
  1.28301039e+03   7.37240129e+02   1.11046967e+01   2.51668125e+01   4.77636815e+00  -2.54770649e+01   4.65965381e+00   7.46803065e+02   3.00717502e+01  -2.01905294e+01
  1.29201032e+03   7.58842487e+02   1.09204792e+01   3.28323719e+01   4.89267168e+00  -2.78481660e+01   4.68226719e+00   7.33351728e+02   3.04460917e+01  -2.64971650e+01
  1.30101024e+03   7.34501066e+02   1.08002467e+01   3.28665311e+01   5.00863972e+00  -3.13565709e+01   4.71591508e+00   7.24755194e+02   3.05189698e+01  -3.27825606e+01
  1.31001017e+03   7.13162743e+02   1.07406214e+01   3.23319031e+01   5.12439211e+00  -4.57291688e+01   4.76046289e+00   7.20788710e+02   3.02899119e+01  -3.88294235e+01
  1.31901010e+03   7.19506856e+02   1.07362659e+01   3.70723486e+01   5.24016424e+00  -4.53887443e+01   4.81520724e+00   7.21099402e+02   2.97691460e+01  -4.44346060e+01
  1.32801004e+03   7.23995323e+02   1.07803536e+01   2.27697880e+01   5.35629210e+00  -5.28806014e+01   4.87899337e+00   7.25143894e+02   2.89765539e+01  -4.94151819e+01
  1.33700997e+03   7.58540050e+02   1.08646476e+01   3.27688273e+01   5.47320482e+00  -5.06318260e+01   4.95030171e+00   7.32325724e+02   2.79405563e+01  -5.36112230e+01
  1.34600990e+03   7.38233929e+02   1.09800511e+01   2.56924472e+01   5.59139748e+00  -5.71832857e+01   5.02740413e+00   7.41954779e+02   2.66963121e+01  -5.68968731e+01
  1.35500984e+03   7.65689760e+02   1.11167929e+01   2.21636096e+01   5.71142754e+00  -6.56126232e+01   5.10848194e+00   7.53303806e+02   2.52838798e+01  -5.91755306e+01
  1.36400977e+03   7.77484865e+02   1.12649224e+01   2.09007951e+01   5.83387982e+00  -6.22530047e+01   5.19173868e+00   7.65539649e+02   2.37506704e+01  -6.03886910e+01
  1.37300971e+03   7.77915145e+02   1.14145977e+01   1.39866782e+01   5.95936505e+00  -5.64673183e+01   5.27549529e+00   7.77942876e+02   2.21424757e+01  -6.05176374e+01
  1.38200964e+03   7.74535408e+02   1.15563891e+01   1.97236180e+01   6.08848589e+00  -4.76517144e+01   5.35821963e+00   7.89821430e+02   2.05105505e+01  -5.95791418e+01
  1.39100958e+03   8.06578971e+02   1.16816441e+01   1.89227475e+01   6.22183775e+00  -6.65106588e+01   5.43859121e+00   8.00146901e+02   1.89014012e+01  -5.76165116e+01
  1.40000952e+03   8.30732009e+02   1.17826255e+01   2.63504712e+01   6.35997860e+00  -6.14025306e+01   5.51546697e+00   8.08596271e+02   1.73624928e+01  -5.47114820e+01
  1.40900946e+03   8.22696790e+02   1.18528682e+01   5.21899424e+00   6.50342387e+00  -5.46949170e+01   5.58791790e+00   8.14535575e+02   1.59363802e+01  -5.09686879e+01
  1.41800940e+03   8.18613221e+02   1.18871800e+01   2.00383908e+01   6.65263452e+00  -5.25645410e+01   5.65517671e+00   8.17400419e+02   1.46591577e+01  -4.65194535e+01
  1.42700934e+03   7.96698086e+02   1.18821901e+01   2.00569453e+01   6.80800959e+00  -3.83106807e+01   5.71678158e+00   8.16947611e+02   1.35626385e+01  -4.15157358e+01
  1.43600928e+03   8.03922720e+02   1.18357565e+01   1.31988979e+01   6.96988559e+00  -4.02915306e+01   5.77230707e+00   8.13005745e+02   1.26712870e+01  -3.61164110e+01
  1.44500922e+03   7.99107747e+02   1.17468241e+01   1.04536146e+01   7.13852390e+00  -3.78501996e+01   5.82127470e+00   8.05364544e+02   1.20012977e+01  -3.04922734e+01
  1.45400917e+03   7.74185499e+02   1.16161721e+01   2.19675739e+00   7.31411528e+00  -2.60471869e+01   5.86351224e+00   7.94055367e+02   1.15642265e+01  -2.48119880e+01
  1.46300911e+03   7.62521342e+02   1.14459056e+01   1.83561974e+01   7.49677189e+00  -2.17534165e+01   5.89897699e+00   7.79262794e+02   1.13594416e+01  -1.92422932e+01
  1.47200905e+03   7.49887131e+02   1.12394468e+01   1.24216952e+01   7.68654635e+00  -9.46627502e+00   5.92780487e+00   7.61196888e+02   1.13805689e+01  -1.39363592e+01
  1.48100900e+03   7.38469591e+02   1.10012546e+01   1.65419244e+01   7.88343240e+00   2.75444144e+00   5.95029160e+00   7.40288220e+02   1.16146325e+01  -9.03883154e+00
  1.49000895e+03   7.27695194e+02   1.07367357e+01   1.46136569e+01   8.08735939e+00  -4.92822803e+00   5.96692432e+00   7.16901069e+02   1.20421540e+01  -4.67408746e+00
  1.49900889e+03   7.01876237e+02   1.04522127e+01  -1.32841808e+00   8.29835922e+00  -1.97038509e+00   5.97841490e+00   6.91476851e+02   1.26360431e+01  -9.46161002e-01
  1.51203174e+03   6.55853210e+02   7.11650522e+00   2.20071303e+01   6.09120681e+00   7.48098380e+00   4.25483809e+00   6.52137243e+02   1.37384743e+01   3.08061194e+00
  1.52903138e+03   5.88468554e+02   6.70888753e+00   1.63536283e+01   6.39775871e+00   9.37965998e+00   4.25922884e+00   5.99137218e+02   1.54171436e+01   5.97624283e+00
  1.54603104e+03   5.46988044e+02   6.32007763e+00   1.72570933e+01   6.71960772e+00   1.00098840e+01   4.26374738e+00   5.47398022e+02   1.71615775e+01   6.07636486e+00
  1.56303070e+03   5.03579937e+02   5.97668284e+00   1.68231277e+01   7.05600487e+00  -4.15484627e-01   4.27610684e+00   5.00193695e+02   1.87325202e+01   3.64812298e+00
  1.58003037e+03   4.67878649e+02   5.69875322e+00   6.01868083e+00   7.40640735e+00  -1.88001018e+00   4.30409530e+00   4.60049295e+02   1.99312331e+01  -7.81170926e-01
  1.59703005e+03   4.28879044e+02   5.49820082e+00   2.36898448e+01   7.77069950e+00  -9.93433929e+00   4.35429858e+00   4.28571329e+02   2.06080723e+01  -6.51094848e+00
  1.61402973e+03   4.07641220e+02   5.37837271e+00   2.86981134e+01   8.14928382e+00  -9.51423662e+00   4.43101028e+00   4.06340067e+02   2.06821114e+01  -1.27649859e+01
  1.63102942e+03   3.99230206e+02   5.33503582e+00   2.50334380e+01   8.54310653e+00  -2.54104971e+01   4.53569285e+00   3.92901040e+02   2.01464740e+01  -1.87787515e+01
  1.64802912e+03   3.88698696e+02   5.35709776e+00   1.57096907e+01   8.95362980e+00  -2.27684326e+01   4.66671130e+00   3.86985330e+02   1.90614820e+01  -2.38810711e+01
  1.66502882e+03   3.91035492e+02   5.42867797e+00   2.57618774e+01   9.38274149e+00  -2.55241638e+01   4.81993747e+00   3.86690877e+02   1.75423194e+01  -2.75619635e+01
  1.68202853e+03   3.84901313e+02   5.53146140e+00   3.57269930e+01   9.83263291e+00  -2.99715492e+01   4.98974976e+00   3.89755962e+02   1.57460239e+01  -2.95255734e+01
  1.69902824e+03   3.99849834e+02   5.64731081e+00   1.99332333e+01   1.03056627e+01  -2.61442760e+01   5.17019597e+00   3.93831574e+02   1.38480713e+01  -2.96915399e+01
  1.71602796e+03   3.92463757e+02   5.75996899e+00  -2.28661385e+00   1.08042236e+01  -2.22110513e+01   5.35569974e+00   3.96800581e+02   1.20217737e+01  -2.81878674e+01
  1.73302769e+03   4.07004458e+02   5.85686897e+00   1.07546256e+01   1.13306200e+01  -2.82565843e+01   5.54176135e+00   3.96965248e+02   1.04210934e+01  -2.53259115e+01
  1.75002742e+03   3.77026263e+02   5.93020680e+00   3.72076475e+01   1.18869784e+01  -2.22506357e+01   5.72535342e+00   3.93185866e+02   9.16334265e+00  -2.15403074e+01
  1.76702716e+03   3.78283580e+02   5.97717173e+00   2.16951289e+01   1.24751929e+01  -1.31809411e+01   5.90504146e+00   3.84934816e+02   8.31917029e+00  -1.73303043e+01
  1.78402690e+03   3.76573829e+02   5.99990101e+00  -1.87994620e+01   1.30969035e+01  -1.18377574e+01   6.08110841e+00   3.72356832e+02   7.90963025e+00  -1.31977782e+01
  1.80102664e+03   3.57945994e+02   6.00444068e+00   2.34980579e+01   1.37535208e+01  -8.11346909e+00   6.25537264e+00   3.56137437e+02   7.90491448e+00  -9.59372264e+00
  1.81802640e+03   3.41548229e+02   5.99945666e+00   1.87568215e+01   1.44462741e+01  -1.00182073e+00   6.43094413e+00   3.37348254e+02   8.23581146e+00  -6.86563545e+00
  1.83502615e+03   3.12015882e+02   5.99516687e+00   1.66499058e+01   1.51762893e+01  -4.95993251e+00   6.61201542e+00   3.17328091e+02   8.80241589e+00  -5.22650943e+00
  1.85202591e+03   3.04318853e+02   6.00198081e+00  -6.22510587e+00   1.59446810e+01   1.79964121e+00   6.80344155e+00   2.97482143e+02   9.48713614e+00  -4.74738428e+00
  1.86902568e+03   2.75021280e+02   6.02938629e+00   3.63363992e+01   1.67526494e+01  -4.77945243e+00   7.01025552e+00   2.79085712e+02   1.01707585e+01  -5.36079298e+00
  1.88602544e+03   2.64718274e+02   6.08458059e+00   5.54723125e-01   1.76015767e+01   1.64407709e+00   7.23696487e+00   2.63172932e+02   1.07453748e+01  -6.87350124e+00
  1.90302522e+03   2.48659378e+02   6.17233722e+00  -1.87193186e+01   1.84930929e+01  -1.11332847e+01   7.48721263e+00   2.50410915e+02   1.11251738e+01  -9.00685079e+00
  1.92002499e+03   2.56660540e+02   6.29456175e+00   2.60294127e+01   1.94291453e+01  -8.79053878e+00   7.76333727e+00   2.41078498e+02   1.12532560e+01  -1.14346393e+01
  1.93702477e+03   2.43952861e+02   6.45025225e+00   2.05451038e+01   2.04120148e+01  -1.32468902e+01   8.06611130e+00   2.35053744e+02   1.11085499e+01  -1.38219659e+01
  1.95402456e+03   2.29873564e+02   6.63614385e+00  -4.28054651e+01   2.14443251e+01  -5.91437274e+00   8.39494305e+00   2.31865174e+02   1.06999955e+01  -1.58627959e+01
  1.97102435e+03   2.27777354e+02   6.84719183e+00   5.20244759e+01   2.25290162e+01  -2.80829246e+01   8.74807260e+00   2.30763769e+02   1.00672565e+01  -1.73160122e+01
  1.98802414e+03   2.24244771e+02   7.07755416e+00   5.29113149e+00   2.36698594e+01  -2.78604258e+01   9.12319591e+00   2.30854073e+02   9.27343162e+00  -1.80276181e+01
  2.00502393e+03   2.38453729e+02   7.60881651e+00   0.00000000e+00   0.00000000e+00   0.00000000e+00   0.00000000e+00   2.31184227e+02   0.00000000e+00   0.00000000e+00
  2.03008930e+03   2.32290960e+02   5.64598088e+00   0.00000000e+00   0.00000000e+00   0.00000000e+00   0.00000000e+00   2.30097957e+02   0.00000000e+00   0.00000000e+00
  2.06308787e+03   2.14432781e+02   5.99350010e+00   0.00000000e+00   0.00000000e+00   0.00000000e+00   0.00000000e+00   2.23344012e+02   0.00000000e+00   0.00000000e+00
  2.09608649e+03   2.02951617e+02   6.34376980e+00   0.00000000e+00   0.00000000e+00   0.00000000e+00   0.00000000e+00   2.08972998e+02   0.00000000e+00   0.00000000e+00
  2.12908515e+03   1.97994697e+02   6.70915886e+00   0.00000000e+00   0.00000000e+00   0.00000000e+00   0.00000000e+00   1.88594835e+02   0.00000000e+00   0.00000000e+00
  2.16208385e+03   1.66519447e+02   7.11182486e+00   0.00000000e+00   0.00000000e+00   0.00000000e+00   0.00000000e+00   1.66066817e+02   0.00000000e+00   0.00000000e+00
  2.19508259e+03   1.37747761e+02   7.57506434e+00   0.00000000e+00   0.00000000e+00   0.00000000e+00   0.00000000e+00   1.45626110e+02   0.00000000e+00   0.00000000e+00
  2.22808137e+03   1.26696701e+02   8.11595853e+00   0.00000000e+00   0.00000000e+00   0.00000000e+00   0.00000000e+00   1.30233938e+02   0.00000000e+00   0.00000000e+00
  2.26108018e+03   1.15629016e+02   8.74198167e+00   0.00000000e+00   0.00000000e+00   0.00000000e+00   0.00000000e+00   1.20666249e+02   0.00000000e+00   0.00000000e+00
  2.29407903e+03   1.15715857e+02   9.45226536e+00   0.00000000e+00   0.00000000e+00   0.00000000e+00   0.00000000e+00   1.15659155e+02   0.00000000e+00   0.00000000e+00
  2.32707791e+03   1.12468208e+02   1.02420134e+01   0.00000000e+00   0.00000000e+00   0.00000000e+00   0.00000000e+00   1.12785690e+02   0.00000000e+00   0.00000000e+00
  2.36007682e+03   1.11937215e+02   1.11074804e+01   0.00000000e+00   0.00000000e+00   0.00000000e+00   0.00000000e+00   1.09582118e+02   0.00000000e+00   0.00000000e+00
  2.39307576e+03   1.23716703e+02   1.20501880e+01   0.00000000e+00   0.00000000e+00   0.00000000e+00   0.00000000e+00   1.04483520e+02   0.00000000e+00   0.00000000e+00
  2.42607473e+03   8.66621088e+01   1.30752952e+01   0.00000000e+00   0.00000000e+00   0.00000000e+00   0.00000000e+00   9.72567192e+01   0.00000000e+00   0.00000000e+00
  2.45907373e+03   8.04081589e+01   1.42017114e+01   0.00000000e+00   0.00000000e+00   0.00000000e+00   0.00000000e+00   8.87526579e+01   0.00000000e+00   0.00000000e+00
  2.49207275e+03   7.50517232e+01   1.54342015e+01   0.00000000e+00   0.00000000e+00   0.00000000e+00   0.00000000e+00   8.03716839e+01   0.00000000e+00   0.00000000e+00
