300 350 0.0000 0.0000 0.0000 325.5318 92.9626 10.3174 324.9792 12.8703 1.0193
350 400 0.0000 0.0000 0.0000 375.2584 44.0650 8.4556 374.8237 20.4635 1.2326
400 450 0.0000 0.0000 0.0000 425.0614 -45.7990 7.1528 424.6807 18.8508 1.0808
450 500 0.0000 0.0000 0.0000 474.8603 -69.4505 5.9880 474.5534 11.9852 0.6405
500 550 0.0000 0.0000 0.0000 524.6228 -35.4750 4.6711 524.4026 7.1935 0.3856
550 600 0.0000 0.0000 0.0000 574.6563 11.0676 5.6991 574.5278 11.4201 0.6126
600 650 0.0000 0.0000 0.0000 624.5639 24.5171 6.7060 624.4688 29.5048 1.1425
650 700 0.0000 0.0000 0.0000 674.4780 -63.2773 7.3884 674.4636 38.9488 1.3290
700 750 0.0000 0.0000 0.0000 724.5509 -121.5400 6.8532 724.5179 34.4786 1.2446
750 800 774.5051 2531.8938 82.9040 774.4694 -121.5584 6.6462 774.4346 20.8018 0.8830
800 850 824.5458 2674.5863 78.1051 824.4930 -50.3083 4.7107 824.4422 13.4671 0.5547
850 900 874.4668 2179.5490 72.8669 874.4543 37.6698 5.0676 874.4371 17.0086 0.7001
900 950 924.5135 1578.4605 52.4483 924.4545 56.2235 4.8894 924.3922 31.3690 1.0452
950 1000 974.4886 1201.3250 38.9913 974.4409 13.9493 4.8326 974.3900 40.4419 1.3270
1000 1050 1024.4469 1003.9822 33.7140 1024.4212 -51.6110 5.1903 1024.3946 38.4949 1.3020
1050 1100 1074.4856 1219.0140 35.1327 1074.4992 -74.3034 4.6875 1074.5134 26.2743 0.9634
1100 1150 1124.4887 1231.4029 36.3484 1124.4447 -54.7699 3.8175 1124.3987 15.0546 0.6429
1150 1200 1174.4393 1202.4630 36.9884 1174.3664 -10.5333 3.2828 1174.2929 12.3421 0.5940
1200 1250 1224.4667 907.0655 28.3027 1224.4427 4.3893 3.3049 1224.4160 21.7260 0.8541
1250 1300 1274.4308 771.7504 22.6926 1274.4768 -15.5660 3.3607 1274.5268 29.1217 1.0655
1300 1350 1324.4366 727.8360 21.0482 1324.4903 -47.7922 3.4203 1324.5480 31.1406 1.0755
1350 1400 1374.4387 771.5570 24.0152 1374.4625 -62.2572 3.4291 1374.4853 22.7575 0.8688
1400 1450 1424.4372 800.5915 23.8786 1424.4266 -42.4918 3.0361 1424.4139 12.8172 0.6537
1450 1500 1474.4441 748.6043 21.5561 1474.4125 -12.4353 2.6965 1474.3779 10.5702 0.6175
1500 1550 1524.4723 623.7644 18.8145 1524.4599 8.9534 2.4910 1524.4474 14.3069 0.7080
1550 1600 1574.4701 485.7748 13.9316 1574.4773 -0.1568 2.5322 1574.4862 21.2651 0.8588
1600 1650 1624.4347 404.5974 12.9521 1624.4640 -14.6156 2.4626 1624.4954 20.1914 0.9066
1650 1700 1674.4951 392.8390 11.1267 1674.4772 -32.3691 2.2524 1674.4591 18.2702 0.8105
1700 1750 1724.4171 393.0969 12.4627 1724.4466 -25.0679 2.2044 1724.4759 10.4017 0.7071
1750 1800 1774.5026 374.2551 11.3132 1774.5074 -15.4328 2.0495 1774.5151 8.7830 0.6534
1800 1850 1824.4812 352.9962 10.1708 1824.4939 -9.5640 1.9295 1824.5040 8.7776 0.6968
1850 1900 1874.4228 267.7408 9.0123 1874.4509 -3.4355 1.8917 1874.4787 9.9465 0.7721
1900 1950 1924.5097 227.9256 7.7627 1924.4749 -11.1570 1.8569 1924.4431 12.2109 0.8320
1950 2000 1974.4810 234.8046 7.4671 1974.5153 -16.4628 1.8257 1974.5385 11.1128 0.8220
2000 2100 2050.8052 222.4144 3.9702 2049.7997 -14.3149 0.9285 2049.4083 6.3680 0.4220
2100 2200 2152.1731 168.3171 3.5309 2150.4016 -4.8644 0.8679 2148.4939 5.2818 0.4430
2200 2300 2249.8849 120.6678 2.6405 2249.7303 -5.6126 0.8183 2248.7564 6.7882 0.4946
2300 2400 2350.3061 111.7808 2.4380 2349.5798 -9.2434 0.8014 2348.9834 3.4875 0.5137
2400 2500 2451.0198 88.8712 2.1582 2449.7613 -3.5975 0.7696 2448.7256 3.6523 0.5447
2500 2600 2550.1999 68.4411 1.9240 2549.5187 -3.7820 0.7458 2548.8433 2.5361 0.5942
2600 2700 2649.3653 60.3107 1.7805 2649.2677 -3.4882 0.7610 2648.7105 1.8480 0.6416
2700 2800 2750.1193 50.1327 1.6888 2749.4039 -2.3196 0.7766 2748.5214 1.6338 0.7123
2800 2900 2850.2725 38.4247 1.5524 2849.2270 -0.5219 0.7851 2848.5706 1.2262 0.8024
2900 3000 2946.7426 31.5064 1.5058 2946.2266 -2.4848 0.8237 2945.9191 -0.2936 0.8969
